# id	left	top	right	bottom	texture_id
[SPRITES]
###################################### LEAF #######################

########## RIGHT ##############
123	160	362	176	376	23

########## LEFT ##############
124	180	123	196	137	23

###################################### COIN #######################
125	294	101	302	115	23
126	311	101	312	115	23
127	321	101	325	115	23

###################################### QUESTION BRICK #############

20011	300	117	316	133	22
20012	318	117	334	133	22
20013	336	117	352	133	22
20014	354	117	370	133	22
20015	372	117	388	133	22
# ani_id	sprite1_id	time1	sprite2_id	time2	...

##################################### RED MUSHROOM #########################

117	156	121	172	137	23


########## FIRE BALL #########
#### MOVE ######
21723	354	281	362	289	35
21724	389	281	398	289	35
21725	423	281	431	289	35
21726	458	281	467	289	35
#### BOOM #####
21823	494	281	502	289	35
21824	527	278	539	290	35
21825	558	277	576	291	35

####################################### GOLD BRICK ########################

113	274	188	290	204	23
114	293	188	309	204	23
115	312	188	328	204	23
116	331	188	347	204	23

[ANIMATIONS]

###################### LEAF ####################

###RIGHT###

110	123	100

###LEFT###

111	124	100

########### COIN EFFECT ###########

112	125	100	126	100	127	100

###################### QUESTION BRICK #############
102	20011	600	20012	150	20013	150	20014	150
103	20015	100

########################### GOLD BRICK #####################

1004	113	100	114	100	115	100	116	100

######################### RED MUSHROOM #####################
105	117	100

#FIRE BALL
2203	21723	50	21724	50	21725	50	21726	50
2204	21823	50	21824	50	21825	50